Solved:

February
23.02 - 1, 121

March
04.03 - 217
05.03 - 238
09.03 - 153, 53
11.03 - 33
15.03 - 11
17.03 - 191, 338, 371
19.03 - 190
31.03 - 152

April
06.04 - 139
11.04 - 198, 213
16.04 - 62, 91
18.04 - 55
25.04 - 133

May
02.05 - 207
09.05 - 200, 417
11.05 - 130

June
02.06 - 128, 1267, 226
03.06 - 57, 1029
04.06 - 56, 435, 334
05.06 - 206, 141
06.06 - 21
09.06 - 23
10.06 - 19, 143
11.06 - 73, 54
12.06 - 48
13.06 - 79
15.06 - 3
16.06 - 424
17.06 - 76, 242
18.06 - 49, 20, 125
19.06 - 104
20.06 - 100
21.06 - 124, 102
23.06 - 297, 572
24.06 - 105
25.06 - 98, 230, 235
26.06 - 208
28.06 - 211, 212
30.06 - 347, 295, 647, 5

July
01.07 - 15, 268
02.07 - 441, 322, 1143
03.07 - 107
04.07 - 957
05.07 - 461
06.07 - 300, 518, 921
07.07 - 66, 463
08.07 - 953, 938
09.07 - 662
10.07 - 430, 283
11.07 - 438
12.07 - 78, 16
15.07 - 457
16.07 - 863, 22, 986
21.07 - 285
22.07 - 759, 560
24.07 - 973, 287
25.07 - 92, 1249
27.07 - 37
28.07 - 103, 637, 111, 116, 199
29.07 - 112, 113
30.07 - 437, 415
31.07 - 2

August
01.08 - 10
02.08 - 88, 50
03.08 - 480
04.08 - 90
08.08 - 987, 46
09.08 - 784
11.08 - 171, 994
12.08 - 241
13.08 - 96
14.08 - 1286
15.08 - 34
16.08 - 484
17.08 - 123
21.08 - 905
22.08 - 41
24.08 - 1032
27.08 - 260, 476
28.08 - 436
29.08 - 470, 1167

Done with help:
238,    53,     139,    337,    198,    213,    91,     207,    417,    128,
57,     1029,   435,    54,     424,    76,     297,    235,    208,    295,
5,      300,    662,    78,     457,    863,    {22},   560,    973,    92,
37,     10,     50,     480,    90,     987,    994,    241,    96,     1286,
484,    123,    260,    476,    470
Done:
22,

Done by myself but need attention:
62,     206,    141,    23,     105,    98,     230,    957,    518,    430,
285,    759,    287,    116,    437,    171,    34,     1032,

Need to be done:
| 264, 227 с кем-то нужно, 57 в грокинге разберу,
https://leetcode.com/problems/permutations/discuss/18239/a-general-approach-to-backtracking-questions-in-java-subsets-permutations-combination-sum-palindrome-partioning
18

Learn:
lower_bound, upper_bound, equal_range
lower_bound: https://leetcode.com/articles/search-insert-position/